1.232365890497648735e+02 6.998485428672158726e+00 6.586583935799270151e+00 6.496750778435727014e+00 6.510802665697843494e+00 6.471146134352526502e+00 6.418103128888329678e+00 6.435844888515244833e+00 6.415086381154627482e+00 6.370677633610907442e+00 6.387638900018489885e+00 6.372284199484676392e+00 6.380132538600792991e+00 6.356980640738361998e+00 6.393208041161394739e+00 6.316030796769186217e+00 6.353499118211392016e+00 6.337444564076702314e+00 6.336672092417051871e+00 6.367659767432954254e+00
4.821992069787344235e+02 5.492689557030586229e+02 2.833985522719112282e+02 2.580731351650109673e+02 1.928684522404979020e+02 8.280629524940529507e+01 4.029163662813584779e+01 2.163408001849915152e+01 8.594207661877547366e+00 5.426698210901646391e+00 4.101306400363092131e+00 3.563513784650277572e+00 3.233147946796428140e+00 3.098799515763108747e+00 2.969496485460867419e+00 2.943363803039958704e+00 2.889694528087149550e+00 2.870435462574209673e+00 2.835026291763004469e+00 2.833666960135950319e+00
2.293578168458769895e+01 2.413023021031573023e+01 2.027342633332621702e+01 1.931855417707626543e+01 1.273820765862733495e+01 1.673656706384000614e+01 1.098003560411943802e+01 1.599117483385161442e+01 2.167865050711294472e+01 1.628910010670917785e+01 4.507557183663682565e+01 1.116345312465603534e+01 1.920069634172027762e+01 1.959443948447274764e+01 2.801228499860270915e+01 2.483030881108715349e+01 3.954499523529305804e+01 1.270878655395634915e+01 2.580320145206771798e+01 2.224848595634068715e+01
2.359172893289920481e+01 2.127248959944044060e+01 2.052173241623439637e+01 2.973729316032740044e+01 4.528606398301913316e+01 1.899980534951562205e+01 1.996568986686648728e+01 2.865176060181507722e+01 1.462140871927055841e+01 1.581665868490144256e+01 1.317980502221719519e+01 2.612810782159395373e+01 8.083074896879567461e+01 4.676514066663225577e+01 2.713726671727843254e+01 2.040415344959594890e+01 1.246768605757470816e+01 1.248787342875361261e+01 1.375529692061098430e+01 2.630430203923755883e+01
2.533538938428988985e+01 1.882042500462645052e+01 3.963681107763371614e+01 8.632633016098006351e+01 1.611059333589798825e+01 2.692226249084252032e+01 1.562417489226234046e+01 2.479959651504654161e+01 2.129540984657755587e+01 3.237373848405315613e+01 1.969314007821226298e+01 2.827057067659221445e+01 1.515722460487390499e+01 1.703689898765309607e+01 1.736907993773991876e+01 2.530998180219413740e+01 3.303957234421670108e+01 4.682530497445743123e+01 3.064259845824764739e+01 4.235512311896706450e+01
5.389587201225898383e+01 2.652212032600411717e+01 2.251959955553840231e+01 1.603906502243892618e+01 3.448945027267642871e+01 3.395514952570491829e+01 2.210820339670386758e+01 1.560773328388019898e+01 2.528227935456519759e+01 2.194633073522080480e+01 1.221011252166815453e+01 2.941548864088679949e+01 5.137638080643294103e+01 3.270744818609977500e+01 2.162639311156330990e+01 4.719284249093939110e+01 4.209834464042984337e+01 1.768676824376197843e+01 2.232319111632823549e+01 2.588074754632756225e+01
9.880900682110201672e+00 2.444252163198588335e+01 1.422464326375748556e+01 4.423950979095302216e+01 1.465563211003800603e+01 1.174952940131497492e+01 1.630888196880878382e+01 6.365324326478183536e+01 1.578602404576534823e+01 3.114632153742567056e+01 3.482900354823901523e+01 3.539221043984176163e+01 2.846186415584896423e+01 4.090480524500755166e+01 4.170481204481928472e+01 1.980460512832049957e+01 3.773428686404233900e+01 3.890602644436579993e+01 2.883492720169652301e+01 6.642681423401639051e+01
1.050567950801844290e+02 7.655657850088586258e+01 2.727026503002849722e+01 5.769919845999239527e+01 5.960185939238182584e+01 3.964515716488445918e+01 2.764875473134922501e+01 1.754976653766674133e+01 1.605616518392125158e+01 1.652799702620939826e+01 1.464342814197362408e+01 1.589591583501987238e+01 1.064640308260220358e+01 1.396767279744223877e+01 1.210006368880741512e+01 9.143186969226814398e+00 1.032156446226331958e+01 8.281836045681634673e+00 1.112592077680091940e+01 1.124002964309583597e+01
1.765234773362464793e+01 1.230352528736499096e+01 3.502047149122618208e+01 2.176723740750103175e+01 6.875919833823529359e+01 2.152803590477566331e+01 2.621318921694830451e+01 2.523082124168723084e+01 3.098479542163876843e+01 2.461114298466104700e+01 2.307823655989025369e+01 3.245175713603679668e+01 4.569295872700839567e+01 5.984034147537914095e+01 2.279588228190101162e+01 3.000985556029270995e+01 4.166064243242352916e+01 1.722958402378301557e+01 1.831006917532501177e+01 1.213566876286506435e+01
6.615328312397686261e+00 6.865449056026264429e+00 6.696726222229653303e+00 8.095908396600156820e+00 7.366060606681690714e+00 8.029103951051743238e+00 8.884262276785431567e+00 1.391402273312171545e+01 9.570544094053003548e+00 1.256455577945562219e+01 1.259829085667171000e+01 1.319958912628633740e+01 2.277380712617328129e+01 5.175518559817832198e+01 2.803659473622566622e+01 3.832786000082779765e+01 2.862761042828458713e+01 4.305283030252167720e+01 7.076267561403844297e+01 1.407180302114204267e+02
1.078787796387226052e+02 5.842883423535658949e+01 1.089917323519689489e+02 4.184798109680944123e+01 3.918030880119225401e+01 1.748183655611959608e+01 2.456420233480645265e+01 1.819751619043312019e+01 1.601899274350310520e+01 1.351196593094437048e+01 1.095589407907161927e+01 9.953635288096579714e+00 1.324302188756177401e+01 8.164308052714469355e+00 7.908503658512753276e+00 6.957401132504326569e+00 9.666871666473291214e+00 7.079440422366389818e+00 7.243298021288180344e+00 6.712525882738628269e+00
2.623161382335675995e+01 3.255902777665370706e+01 4.279418596224033422e+01 1.871299378269116076e+01 1.547655429303770269e+01 3.157413990782134761e+01 3.464199860582422019e+01 2.468283147246135556e+01 1.727042172151683630e+01 2.133241926046793679e+01 2.795360708647955406e+01 2.986562743993066604e+01 3.107750483462252333e+01 1.324167765651498208e+01 2.772527153500791997e+01 7.940527949994498158e+01 2.088897160218341398e+01 2.245502550802939012e+01 4.973239110086129955e+01 1.905814740133943275e+01
4.165769742966948286e+01 1.491152801958436847e+01 3.404037611610920777e+01 2.474345448305718165e+01 2.055300791900809898e+01 2.424099241435676788e+01 3.340263173989939105e+01 1.652511279168637870e+01 1.425624430325317782e+01 1.698128825077915138e+01 6.001317199665458446e+01 1.600610430268117668e+01 2.564103362545047915e+01 2.630036863811629289e+01 1.718307772019485213e+01 2.583084123567083523e+01 3.568973044530740424e+01 4.646846171070006903e+01 6.462107574687473743e+01 2.832222717351979568e+01
7.390186274211744433e+01 1.775424802341490960e+01 2.022791028065977059e+01 5.396561361874457674e+01 1.709662158614685978e+01 3.412276332996844985e+01 2.061508766441522056e+01 2.153940799679526918e+01 2.690360011356495207e+01 5.369725933764236459e+01 3.892210753145462121e+01 2.275537159744711246e+01 1.762075241597241870e+01 2.006069756072951193e+01 4.564778536679401100e+01 1.210314138701470732e+01 2.672313717583291748e+01 2.697515624846224114e+01 2.076280522253209782e+01 1.525665081555311886e+01
3.563498962667441816e+01 6.585129838830745541e+01 6.592242517562250725e+01 1.013354638277329940e+02 3.365843170003820717e+01 3.127808549238089242e+01 3.349153764362033314e+01 3.336745076750588623e+01 2.952462917296116274e+01 2.038199911057196445e+01 1.254887778382204466e+01 1.720278070679905369e+01 9.769028650486456300e+00 1.656829241407794839e+01 1.137438918356964379e+01 8.688032932311360312e+00 1.802097214706129691e+01 9.401854425716525299e+00 1.014131466723844177e+01 9.322340222911783769e+00
