1.586955881917752990e-13 1.122346697957533444e-13 1.033298685552031056e-13 9.989901239706342756e-14 9.844000775744369304e-14 9.733839531575880317e-14 9.706279577949899461e-14 9.693251355030390744e-14 9.702032205020304961e-14 9.715100151221050112e-14 9.753962461114860345e-14 9.803327298994974544e-14 9.852017840647344201e-14 9.898725620237183161e-14 9.944045097346982945e-14 1.003669440916692095e-13 1.010055582426483211e-13 1.021634004625438179e-13 1.031870740442111824e-13 1.048822362817826095e-13
3.111726306766617053e-14 1.638290197319844765e-14 1.507212476557823267e-14 1.761583278907474428e-14 2.234101404919671377e-14 2.896243026491019676e-14 3.726437039884604720e-14 4.699384728224996254e-14 5.831774909193255541e-14 7.096941654721882870e-14 8.514418783711932686e-14 1.006954705249080188e-13 1.176756601998616926e-13 1.358823686083352245e-13 1.556894087935983586e-13 1.767331770901429943e-13 1.991365146453082454e-13 2.230449084403976948e-13 2.484773993713072229e-13 2.748120513230700273e-13
1.449012262074383271e-14 2.383106351469748418e-14 3.312341709518134914e-14 4.243274042549655958e-14 5.174268821457690411e-14 6.109575061737341930e-14 7.045659702734387301e-14 7.982911414208946934e-14 8.910312881309520324e-14 9.852164980405733791e-14 1.077759452304150501e-13 1.169995558863644331e-13 1.262427200721044013e-13 1.357928875412601726e-13 1.450496602515395290e-13 1.546572356419927697e-13 1.636500717194572843e-13 1.733325420191055435e-13 1.823826229638985846e-13 1.917919128509437968e-13
1.479398820445301326e-13 1.405104481111555191e-13 1.339003543890825455e-13 1.279056529659732369e-13 1.221015684406955924e-13 1.170538210313871508e-13 1.125025301705407585e-13 1.081883203801143094e-13 1.042973657965164491e-13 1.003363708734831523e-13 9.704270305482404849e-14 9.391706906059748920e-14 9.086109895036645095e-14 8.797497432177916870e-14 8.542808763375196185e-14 8.289200695741153190e-14 8.057040630055493871e-14 7.819209218525184905e-14 7.618488996519574728e-14 7.423640941511666126e-14
1.093128645168201951e-13 1.077018675528135239e-13 1.068952956886171053e-13 1.062496842378003609e-13 1.056807009773039581e-13 1.048742159355582906e-13 1.042144645596968716e-13 1.037859052021840190e-13 1.033867254197741850e-13 1.027060455409279029e-13 1.024264189219102359e-13 1.019181650380530015e-13 1.015811215446059548e-13 1.013141683922624925e-13 1.007184574427012228e-13 1.004888931947056516e-13 1.000951532407916938e-13 9.988440600081747589e-14 9.968308566683166246e-14 9.930767933451203966e-14
1.157754638174273409e-13 1.147227032163670668e-13 1.129611713551109142e-13 1.116546002269414880e-13 1.100858126659271039e-13 1.087951858429981730e-13 1.075419879643928607e-13 1.060282580212672499e-13 1.046697809677929601e-13 1.035838090705253902e-13 1.022511912581380830e-13 1.009134478776037058e-13 9.980579553617181818e-14 9.827675357886559857e-14 9.719278122452503372e-14 9.596668080893881475e-14 9.474742753983357506e-14 9.363121652982909604e-14 9.247004798364796127e-14 9.120934225632354089e-14
1.142155768843192905e-13 1.128255532078685558e-13 1.118585847225644213e-13 1.105837577416376399e-13 1.094046709787353814e-13 1.080377365920299774e-13 1.069334680963877827e-13 1.058798769524983328e-13 1.046367513207057914e-13 1.033302789901624314e-13 1.023671125530093412e-13 1.011585627496492817e-13 1.000046363648278743e-13 9.903536596010105758e-14 9.802314947320294982e-14 9.680904234603767490e-14 9.583729392050974911e-14 9.477612096284660666e-14 9.374798317401960596e-14 9.270841585688289639e-14
1.091621639112423697e-13 1.075568308035320781e-13 1.063861492452822448e-13 1.053628327218518034e-13 1.045223907806305028e-13 1.039136877605169131e-13 1.036103389720302443e-13 1.029625955297245065e-13 1.023406935494757662e-13 1.024092157923538663e-13 1.019061869227654844e-13 1.018326786299799430e-13 1.016390706849846856e-13 1.014480291620650935e-13 1.015974315897491115e-13 1.013572376544447834e-13 1.011541550104362572e-13 1.008871387441575437e-13 1.012466867569777108e-13 1.009390049033963644e-13
1.032696469160683979e-13 1.030744744158400228e-13 1.033169720828705554e-13 1.032050445926063147e-13 1.034498967997360881e-13 1.032296232395291864e-13 1.031356649259978743e-13 1.030996089493558351e-13 1.029651387549282302e-13 1.030030953354719425e-13 1.029978447974177865e-13 1.030232768683152181e-13 1.031667263475926756e-13 1.030428615447514744e-13 1.031569289667165730e-13 1.028774987931741775e-13 1.029918434060813612e-13 1.031592095536270604e-13 1.030939149436851018e-13 1.029751993286869930e-13
1.017448328149703378e-13 1.015633093680187480e-13 1.016829264181760041e-13 1.017886377516651924e-13 1.019724964619562253e-13 1.021383075463937927e-13 1.025526414266917714e-13 1.025808410680195348e-13 1.028019156936357544e-13 1.029644236193583147e-13 1.029260031816930721e-13 1.032715525545321300e-13 1.034978768892844807e-13 1.037821675534236847e-13 1.040062787193449972e-13 1.042196288318974081e-13 1.042496091651761882e-13 1.046253821648811460e-13 1.048803841230842858e-13 1.049833486610182847e-13
1.056869445073421808e-13 1.049948706448415577e-13 1.047770365063016447e-13 1.043142359959762985e-13 1.043223544050006804e-13 1.040405350077439027e-13 1.036248087963802612e-13 1.032371121119064068e-13 1.032432108798466705e-13 1.028840649973104193e-13 1.028091704856303121e-13 1.025895874200604298e-13 1.024964435737592188e-13 1.021387013351119444e-13 1.022296522023532949e-13 1.019618001810834558e-13 1.017111182095258523e-13 1.018821679131663361e-13 1.015398650131697057e-13 1.017493696968768478e-13
1.032701609823017233e-13 1.030541288301294141e-13 1.031707139553163448e-13 1.029766886394384036e-13 1.032157453170010950e-13 1.027501998845563591e-13 1.029975587518559332e-13 1.030873563163267247e-13 1.030842932534384202e-13 1.030529584436777997e-13 1.030628841262355318e-13 1.030906812557529492e-13 1.031037378145298331e-13 1.029475224783056755e-13 1.031449980327457036e-13 1.034103000426904205e-13 1.032385331971303602e-13 1.030832414854567130e-13 1.033306605087398761e-13 1.031621672448208176e-13
1.028578812747066734e-13 1.029498640147096102e-13 1.030861184658538787e-13 1.031838593068851824e-13 1.030147684536949543e-13 1.030620216873423958e-13 1.028151517731789244e-13 1.030886358407423484e-13 1.031230003396471641e-13 1.032066629296601612e-13 1.030978749654314917e-13 1.030747506792012999e-13 1.033287927419473753e-13 1.030770968931614247e-13 1.033000805795520599e-13 1.031853709292197334e-13 1.032498553281159740e-13 1.031424799538343180e-13 1.034122123285764868e-13 1.029782511120746548e-13
1.031961698473974074e-13 1.032451387406971793e-13 1.031374825334657626e-13 1.032384089717491363e-13 1.032293238401881411e-13 1.030914138199053306e-13 1.029698469029585577e-13 1.032815560890937868e-13 1.033395992248122512e-13 1.030864049697777317e-13 1.030632280172862689e-13 1.031616232036759502e-13 1.029945950750497757e-13 1.032442917384046180e-13 1.028625587945170095e-13 1.030287847642379392e-13 1.031734371692406884e-13 1.030389225534292433e-13 1.029398865635738139e-13 1.029112534715821175e-13
1.031592010503788010e-13 1.033169554854507205e-13 1.032397899062314336e-13 1.031846214721814320e-13 1.030264990057398117e-13 1.032789550384387890e-13 1.030276253238445631e-13 1.031517379429401860e-13 1.029140337059790132e-13 1.030537520752341125e-13 1.030570259580353740e-13 1.030952067744515111e-13 1.031202653838975973e-13 1.030281453046143756e-13 1.032193485398225078e-13 1.029290489251293225e-13 1.030042651265089909e-13 1.031780062168472996e-13 1.029735679649135655e-13 1.032758417818255539e-13
