5.895310955250870677e+00 1.795252650260719340e+00 1.793927503258510470e+00 1.787909162640643146e+00 1.789970562887599259e+00 1.783653861413160513e+00 1.774744206686979631e+00 1.777502169475092542e+00 1.773998861202234600e+00 1.766984602648846714e+00 1.769679596842383962e+00 1.764880134534032363e+00 1.765725835312397907e+00 1.760960064449112794e+00 1.767956852024232361e+00 1.755394284928222692e+00 1.762718190021422160e+00 1.761086196926196612e+00 1.759746132090310944e+00 1.763236717262846254e+00
1.565109750604567651e+01 1.511194211529833709e+01 1.202264889916060042e+01 1.103963813964758067e+01 8.710632603101275961e+00 5.428188776149373673e+00 3.330695660278992776e+00 2.016715664272662245e+00 1.264880860013969821e+00 9.355357810368329918e-01 7.733471505832926196e-01 6.931519437643520742e-01 6.399924452189162949e-01 6.127406467073529539e-01 5.889527255443661735e-01 5.823729350425009832e-01 5.713100466252125642e-01 5.654793467239441762e-01 5.562713541468617962e-01 5.587496707461392376e-01
1.908762046263239753e+00 1.772623104388504567e+00 1.648585513904306188e+00 1.590749412932270124e+00 1.492781361018805653e+00 1.567603993257586925e+00 1.380991881226290019e+00 1.550637858736283459e+00 1.605177465545673199e+00 1.520620278822910398e+00 1.915085749668387960e+00 1.395899227221480521e+00 1.574550525743813933e+00 1.618810995916684536e+00 1.835415418157239298e+00 1.755953267618501457e+00 1.935449974640159665e+00 1.465252199601341454e+00 1.728956665719024510e+00 1.699801338978388587e+00
2.173995691937401720e+00 2.068517768260432987e+00 2.029010925249075115e+00 2.230103156490879535e+00 2.399193748563514639e+00 2.050760807710476641e+00 2.082111598680784770e+00 2.209061982421118842e+00 1.905188169246365915e+00 1.932331800867428617e+00 1.875728535029660415e+00 2.147183572389081530e+00 2.721678863941810356e+00 2.464603900709997131e+00 2.178036043255875853e+00 2.032637419023177294e+00 1.855867787381538792e+00 1.879973127863800775e+00 1.878944207407950318e+00 2.173292219507573897e+00
2.319920344219734698e+00 2.191770629197588693e+00 2.485847496639844945e+00 3.119479423990576539e+00 2.154726729178542133e+00 2.436197048854965796e+00 2.147864719414485979e+00 2.367690880905265249e+00 2.264072453807958407e+00 2.435280110143200005e+00 2.242710992938380610e+00 2.344988859836875328e+00 2.083834506773793560e+00 2.153693453705116667e+00 2.197866674657574126e+00 2.350643508957216188e+00 2.421900597096450891e+00 2.714472419345666854e+00 2.541242253287450126e+00 2.722381703475739378e+00
2.729822312350540070e+00 2.401322766156629651e+00 2.304077421288365013e+00 2.164112681371952451e+00 2.454086963719052328e+00 2.501346054129214291e+00 2.322097945277668440e+00 2.123886099028506003e+00 2.288306999308990619e+00 2.253582084345713277e+00 2.027387514165969407e+00 2.417676798717832920e+00 2.547691331066440412e+00 2.425841802266393454e+00 2.270409726453821886e+00 2.607446061013486194e+00 2.450355839031542082e+00 2.173602141466389970e+00 2.263411251021688386e+00 2.283170142905659894e+00
1.925802902318908272e+00 2.280108694004798764e+00 2.044973153760325957e+00 2.545341305883562555e+00 2.089275100654802042e+00 1.983094565725525893e+00 2.130817901240931178e+00 2.710555359460414593e+00 2.104401628280905712e+00 2.388937892385287753e+00 2.513512887876710344e+00 2.405512710499349893e+00 2.448041664603560097e+00 2.675288751291025946e+00 2.752679485862213671e+00 2.213468689835352166e+00 2.629768023122122766e+00 2.600322070949252939e+00 2.499831726981092572e+00 3.130364860044402953e+00
3.887092491252289950e+00 3.635859103307290230e+00 2.552978318231857280e+00 3.003483307890001619e+00 2.910149722762874980e+00 2.668789920698625195e+00 2.480411135375506504e+00 2.167763255738919703e+00 2.136943259117262350e+00 2.121323410406471766e+00 2.051844905859055768e+00 2.101292265773719858e+00 1.980998751127118540e+00 2.035938235338467628e+00 1.987667741378086106e+00 1.906008517393522395e+00 1.937268616808973887e+00 1.862029045624586487e+00 1.949938778311344656e+00 1.937133588943738660e+00
2.212018274885398927e+00 2.061551404458655590e+00 2.524997615879797763e+00 2.325589858325867176e+00 2.964489613533751733e+00 2.246272039118172525e+00 2.386993388986508702e+00 2.316783644274544862e+00 2.382501836522344707e+00 2.331635949855089152e+00 2.356624051722079560e+00 2.514978917473219777e+00 2.666971431348420740e+00 2.694923530299736303e+00 2.261348225870617235e+00 2.382554391043038233e+00 2.665452021595551724e+00 2.210342813230268266e+00 2.223605703369706088e+00 2.042099300086986702e+00
1.780962964306835650e+00 1.798919521456484150e+00 1.783659907922258370e+00 1.843442984431230780e+00 1.822373206756004116e+00 1.858439759649518574e+00 1.880461707633317436e+00 2.030650011776223174e+00 1.930456656826140982e+00 2.014500583094983366e+00 2.030383095631392187e+00 2.077571180942030526e+00 2.264538783425763313e+00 2.855469800172724337e+00 2.495494367210175479e+00 2.700766052764381975e+00 2.602592058244505679e+00 2.866897991086597930e+00 3.549369467045042192e+00 4.685294545831059310e+00
4.281971289461287355e+00 3.371759491809768416e+00 3.911786100529948129e+00 2.833746321316602756e+00 2.741366209218216721e+00 2.211127305980305380e+00 2.396900991898230693e+00 2.155519697813458091e+00 2.133458717648246683e+00 2.031182381451559493e+00 1.979170752072619388e+00 1.924819988581018659e+00 2.014081907943344074e+00 1.854908772195253297e+00 1.844959507357044615e+00 1.799226809850493769e+00 1.876667454381249600e+00 1.803588184615181778e+00 1.813904110619582566e+00 1.787049207437080733e+00
2.449311560357605000e+00 2.533226727081405727e+00 2.543785951593110273e+00 2.223765734400286576e+00 2.138390116813602138e+00 2.421702513441571281e+00 2.514126401864032800e+00 2.346061355600458587e+00 2.191320789317307671e+00 2.214917304853070146e+00 2.391256827643274629e+00 2.440091727172280400e+00 2.443247833282931492e+00 2.056415630498116265e+00 2.355916118968806927e+00 3.101295546706249073e+00 2.263544037346425508e+00 2.296523310691291453e+00 2.576477729785531245e+00 2.264961692039261454e+00
2.648871585045927901e+00 2.113592530777252509e+00 2.418128040658781064e+00 2.343690762904389491e+00 2.270660612111700338e+00 2.357560446252952246e+00 2.481056203097941726e+00 2.193303187086419470e+00 2.095293295090917773e+00 2.183118970136083359e+00 2.750729805433787423e+00 2.144127972462291254e+00 2.353112579132472515e+00 2.390698432010627705e+00 2.184661316870684100e+00 2.405241435088948165e+00 2.492255675665181691e+00 2.783565236110279173e+00 2.804166207441980418e+00 2.361062462170429921e+00
2.998985420051619499e+00 2.160626133320780351e+00 2.239825183953778609e+00 2.913979950901284255e+00 2.184886836420726119e+00 2.500146609091834282e+00 2.289406011642086458e+00 2.262004169398414977e+00 2.376943554124617997e+00 2.670300997644250440e+00 2.587117392185847464e+00 2.273680145268480945e+00 2.200980682490095042e+00 2.267015041134277542e+00 2.628315810862106083e+00 2.048447727598452062e+00 2.371421778251045165e+00 2.379554251925729336e+00 2.249332195796127198e+00 2.160997223227617781e+00
2.677251594983515837e+00 3.209837367469110969e+00 3.129411977900723674e+00 3.454507802809674288e+00 2.621259292987518918e+00 2.563613336319788161e+00 2.557139026669207560e+00 2.542035919724804138e+00 2.425113654262218699e+00 2.253030328279147732e+00 2.059622590797641539e+00 2.131759742719473216e+00 1.961454925332879906e+00 2.150262716920632755e+00 1.994390264950221203e+00 1.893074661506395584e+00 2.151041435087229559e+00 1.922305180853877582e+00 1.932700815088264745e+00 1.913393882001948265e+00
