2.636806907824719501e-26 1.234699081723131721e-26 1.195218400793690816e-26 1.195000886359554991e-26 1.206156710766449309e-26 1.207533876601473028e-26 1.217922002664624965e-26 1.228336230881244598e-26 1.239802251119507986e-26 1.250765869764734069e-26 1.268633523771642714e-26 1.279505529884179216e-26 1.298310997367799213e-26 1.311581703819568711e-26 1.329480825292153033e-26 1.353678212799324797e-26 1.379179529695118963e-26 1.412146861473571346e-26 1.442902171695659419e-26 1.491388333805199097e-26
1.389575114980908814e-26 2.642760202665623689e-27 1.122120395296633843e-27 7.346376462365049378e-28 5.858983399212771357e-28 5.906095210348970743e-28 7.244194107327868630e-28 9.682362724701978108e-28 1.353287106485639626e-27 1.901785906083401025e-27 2.655903881408282074e-27 3.660394339530354472e-27 4.940515087427231200e-27 6.536769832801627558e-27 8.533760889055807102e-27 1.097528247338291144e-26 1.389356252743156723e-26 1.737471090502654226e-26 2.151494302958749017e-26 2.638340825027480936e-26
1.821419573186020787e-28 4.694507571161131458e-28 8.900172777582251732e-28 1.453239434991458330e-27 2.162009581953570540e-27 3.006907698055407430e-27 3.956033319879689393e-27 5.117671809883388315e-27 6.375198887701370702e-27 7.761904240355174251e-27 9.355855398782516623e-27 1.093585548002097351e-26 1.275041484240688551e-26 1.480708043995691397e-26 1.697420556285102082e-26 1.921086929333900711e-26 2.164874045883276108e-26 2.394660324256673506e-26 2.670834413046024663e-26 2.961767329514162584e-26
2.626527343106217280e-26 2.362720385154770606e-26 2.138049763671192873e-26 1.959030752271107606e-26 1.790696691682698759e-26 1.642474886782460354e-26 1.512281132219266883e-26 1.403010525651728302e-26 1.294195385867561195e-26 1.199564667130447989e-26 1.118448320582776063e-26 1.056397039337409001e-26 9.957255725772767860e-27 9.316005032119150629e-27 8.726412140559823985e-27 8.189224243120514224e-27 7.709977469393336617e-27 7.280721623893722613e-27 6.879601830102571089e-27 6.586687653821307030e-27
1.547325318204858590e-26 1.493526942395705930e-26 1.479403433677570755e-26 1.475970298387935476e-26 1.440988826740621261e-26 1.428765256273450495e-26 1.399310603137331116e-26 1.395369854562728898e-26 1.374175869238971612e-26 1.361091356383757837e-26 1.353399179227123901e-26 1.334769443777131364e-26 1.319648613956692583e-26 1.318222621926610462e-26 1.307867578647653512e-26 1.304522968849642525e-26 1.294494094970981278e-26 1.297322960682122082e-26 1.295004813907334886e-26 1.291831105766174286e-26
1.728824033359499665e-26 1.694608887471446536e-26 1.637812196949462162e-26 1.599791117329279779e-26 1.555675491119925803e-26 1.522686107381288897e-26 1.484626467340968058e-26 1.436124824739921345e-26 1.400497326604017052e-26 1.369884196088416101e-26 1.331993673274378252e-26 1.311508190888041848e-26 1.277637274385711821e-26 1.244074165571890333e-26 1.209230834258007118e-26 1.184198335536160219e-26 1.150049585732617126e-26 1.121390750934593810e-26 1.093640690042367657e-26 1.064753490112825796e-26
1.661318346050524425e-26 1.639315297423390675e-26 1.593659211468010511e-26 1.577257005678608056e-26 1.532204387594731752e-26 1.489044553627626166e-26 1.463285346985928095e-26 1.444487433817670865e-26 1.396550970896370964e-26 1.372312130978549528e-26 1.350302456329287255e-26 1.315689447316886775e-26 1.293096624174350042e-26 1.271479827914598577e-26 1.251026926223145710e-26 1.197300837337530395e-26 1.185307601402706541e-26 1.156798903303048543e-26 1.129412769950727574e-26 1.122711155454720185e-26
1.468241465552026846e-26 1.461567869745300117e-26 1.415043247876723752e-26 1.416823328911517137e-26 1.403409411547604056e-26 1.393436622294459663e-26 1.391888203700897399e-26 1.365835570038030082e-26 1.359514918927796680e-26 1.369033085629963035e-26 1.353239105842809622e-26 1.356939337987791478e-26 1.356166848980229279e-26 1.347930310999682145e-26 1.349668784465573719e-26 1.344569342593355090e-26 1.342754856901635956e-26 1.334132380920938232e-26 1.348046446486621956e-26 1.340425656192769309e-26
1.380303925251227472e-26 1.366250464293709612e-26 1.386199100756180187e-26 1.381362308492273389e-26 1.398456069941165329e-26 1.371565657933015926e-26 1.383149815383665310e-26 1.374937398998085517e-26 1.372063078921172452e-26 1.372198343277243941e-26 1.375002038400010246e-26 1.379890163733479161e-26 1.385781720105921142e-26 1.375578987232928841e-26 1.370872378742399987e-26 1.367043792384052247e-26 1.381659049983635750e-26 1.374148340024961792e-26 1.371829662989677688e-26 1.361071708223441326e-26
1.319745430608058290e-26 1.316316102609475329e-26 1.313744878618310240e-26 1.320337290320058482e-26 1.321917927061972961e-26 1.330017290612690406e-26 1.337253664582184024e-26 1.345532482743308788e-26 1.344478818294429249e-26 1.353973069288380152e-26 1.354262020757268168e-26 1.366655200669376462e-26 1.383582238072636915e-26 1.410335105614358114e-26 1.409313922821343587e-26 1.418695155395404932e-26 1.427527408241719982e-26 1.444187049052366368e-26 1.482662694059990132e-26 1.526466403652776267e-26
1.544213015507703073e-26 1.487458403368798284e-26 1.479918586669726235e-26 1.430139609460485565e-26 1.422467492604149211e-26 1.389892907972629994e-26 1.391424362131793675e-26 1.362867856910273155e-26 1.365412749340891528e-26 1.348664808046127143e-26 1.353060985817901426e-26 1.341341543779453120e-26 1.345908704034864014e-26 1.331839945856983990e-26 1.332898402611116281e-26 1.321370885028696162e-26 1.320121910077386140e-26 1.321336233849452748e-26 1.316567004502998379e-26 1.319501351900719800e-26
1.388269312228722886e-26 1.384363370316029417e-26 1.378606820177559849e-26 1.369594953043835823e-26 1.371067346499058383e-26 1.370237553449290123e-26 1.381877676169132352e-26 1.375460904718010303e-26 1.370229822162855939e-26 1.365536723538160441e-26 1.373036477945007041e-26 1.376244031957835756e-26 1.379241108665963870e-26 1.360511465441713547e-26 1.377023561292045512e-26 1.401753176543531311e-26 1.376415275456855637e-26 1.371836469144582629e-26 1.379041187439176553e-26 1.378994836553431367e-26
1.383947025947985726e-26 1.363176860762350477e-26 1.373383700718744656e-26 1.376948497869148743e-26 1.373534484605774258e-26 1.374651143447428931e-26 1.373657729050929333e-26 1.372907657565149363e-26 1.368700860328057619e-26 1.370507324038792378e-26 1.376982364679804889e-26 1.367389597731234247e-26 1.382051886560536132e-26 1.381254840662999759e-26 1.374088400584155587e-26 1.381426441692163832e-26 1.382923729148903281e-26 1.390476443814095518e-26 1.394269356644594851e-26 1.367100636440196395e-26
1.391151939905898753e-26 1.368985836479320274e-26 1.374348847203919105e-26 1.395588263088065142e-26 1.374088112040866817e-26 1.381698210319372403e-26 1.375139750941452133e-26 1.376192986799932790e-26 1.382990641934208514e-26 1.379953478267947589e-26 1.380582340915269959e-26 1.372162264924004400e-26 1.369649554386700950e-26 1.376773397611896295e-26 1.376379407426530986e-26 1.360205763811530337e-26 1.378884250630885420e-26 1.378286584098953752e-26 1.365242777461195375e-26 1.370976462955431978e-26
1.412681038679735780e-26 1.432663031609607535e-26 1.417543930907380254e-26 1.415900683286112058e-26 1.397871906832467743e-26 1.394057022853675398e-26 1.385014773612003381e-26 1.386111704467008199e-26 1.376166885344676454e-26 1.371998124665638308e-26 1.364294494805903094e-26 1.362886047580241526e-26 1.356137403475642712e-26 1.362246469704010099e-26 1.356950274939907467e-26 1.341370257067004022e-26 1.355374111853766185e-26 1.350866646571288828e-26 1.342845426868845064e-26 1.346394231936583954e-26
